1 15 
2 7 
3 58 
4 68 
5 27 
6 0 
7 65 
8 11 
9 33 
10 18 
11 96 
12 58 
13 77 
14 99 
15 66 
16 12 
17 75 
18 40 
19 98 
20 39 
21 38 
22 67 
23 24 
24 19 
25 90 
26 8 
27 19 
28 99 
29 85 
30 45 
31 44 
32 49 
33 7 
34 82 
35 14 
36 3 
37 39 
38 71 
39 61 
40 43 
41 91 
42 99 
43 55 
44 20 
45 99 
46 15 
47 96 
48 95 
49 49 
50 28 
51 95 
52 46 
53 67 
54 9 
55 8 
56 55 
57 1 
58 46 
59 100 
60 30 
61 90 
62 2 
63 62 
64 86 
65 72 
66 33 
67 97 
68 87 
69 67 
70 26 
71 30 
72 29 
73 78 
74 23 
75 2 
76 96 
77 81 
78 32 
79 71 
80 74 
81 78 
82 97 
83 78 
84 99 
85 75 
86 51 
87 42 
88 71 
89 15 
90 82 
91 4 
92 92 
93 77 
94 51 
95 7 
96 27 
97 66 
98 37 
99 37 
100 84 
101 10 
102 47 
103 51 
104 10 
105 57 
106 30 
107 66 
108 23 
109 24 
110 97 
111 54 
112 52 
113 84 
114 63 
115 40 
116 38 
117 17 
118 25 
119 54 
120 89 
121 38 
122 72 
123 40 
124 51 
125 42 
126 21 
127 9 
128 63 
129 87 
130 45 
131 74 
132 100 
133 80 
134 54 
135 93 
136 46 
137 63 
138 52 
139 46 
140 99 
141 21 
142 12 
143 62 
144 49 
145 20 
146 58 
147 8 
148 61 
149 77 
150 37 
151 66 
152 36 
153 26 
154 9 
155 75 
156 24 
157 24 
158 59 
159 39 
160 90 
161 33 
162 70 
163 16 
164 92 
165 72 
166 41 
167 30 
168 74 
169 51 
170 21 
171 92 
172 31 
173 92 
174 87 
175 27 
176 100 
177 52 
178 18 
179 33 
180 43 
181 11 
182 7 
183 31 
184 26 
185 6 
186 8 
187 31 
188 6 
189 87 
190 44 
191 19 
192 82 
193 80 
194 36 
195 49 
196 45 
197 20 
198 66 
199 53 
200 78 
201 33 
202 71 
203 31 
204 78 
205 17 
206 69 
207 96 
208 59 
209 37 
210 94 
211 53 
212 49 
213 31 
214 21 
215 53 
216 8 
217 84 
218 54 
219 20 
220 9 
221 21 
222 6 
223 26 
224 91 
225 27 
226 65 
227 62 
228 84 
229 84 
230 86 
231 70 
232 0 
233 28 
234 67 
235 71 
236 81 
237 92 
238 35 
239 54 
240 77 
241 19 
242 2 
243 74 
244 48 
245 35 
246 100 
247 18 
248 100 
249 97 
250 64 
251 21 
252 55 
253 53 
254 31 
255 0 
256 97 
257 97 
258 57 
259 71 
260 84 
261 44 
262 6 
263 1 
264 41 
265 9 
266 84 
267 17 
268 10 
269 33 
270 14 
271 9 
272 29 
273 24 
274 72 
275 55 
276 45 
277 87 
278 13 
279 4 
280 5 
281 38 
282 51 
283 88 
284 98 
285 31 
286 55 
287 14 
288 76 
289 88 
290 55 
291 38 
292 1 
293 59 
294 87 
295 74 
296 28 
297 89 
298 30 
299 18 
300 86 
301 83 
302 56 
303 39 
304 19 
305 27 
306 53 
307 64 
308 15 
309 5 
310 72 
311 63 
312 33 
313 72 
314 75 
315 78 
316 96 
317 33 
318 93 
319 90 
320 77 
321 37 
322 25 
323 68 
324 13 
325 59 
326 25 
327 28 
328 15 
329 46 
330 21 
331 62 
332 100 
333 27 
334 80 
335 43 
336 31 
337 40 
338 46 
339 81 
340 7 
341 14 
342 74 
343 45 
344 47 
345 71 
346 95 
347 44 
348 68 
349 26 
350 40 
351 75 
352 86 
353 32 
354 49 
355 18 
356 31 
357 63 
358 29 
359 5 
360 85 
361 71 
362 63 
363 31 
364 83 
365 63 
